DataMark: NSDTF_DOM
Version: 1.0
Unit: M
Type: U
SaveWay: U
Band: 1
Row: 0
Col: 0
Xr: -179.982000000000000000
Yc: 89.980999999999995000
Dr: 0.071856000000000003
Dc: 0.071856000000000003
StoreLocation: world.bmp
West: -179.982000000000000000
East: 179.944704000000030000
South: -89.946424000000007000
North: 89.980999999999995000
Width: 5010
Height: 2505
